t = 9999999999999999999.232850606909407706487068201450796323115355335175991058349609375 |Z| = 3.657602321013126733848087942217412642846910689346499860361067346132763791934292539088924289814030999e-13
t = 197909211979092119791.0048100350471504014701618068272637174231931567192077636718750000000000000000000000000000000000000000  |Z| = 8.258118375241327319604320773664599713029092314507266420324956318236472303266144023500827664463486144e-17